{
"name":"10k3470",
"hostname":"ltm01",
"vcc":3.256,
"avg":10,
"toffset":1.7,
"unit":"C",
"lcdfsd":120,
"rs":3250,
"sha":1.15123556e-03,
"shb":2.08333803e-04,
"shc":3.50329971e-07
}
