{
"name":"10kR3470BS",
"hostname":"ltm01",
"algorithm":'s',
"slope":0.0030475,
"intercept":-0.019856,
"vcc":2.436,
"avg":8,
"dissfact": 1e6,
"toffset":-1,
"lcdmin":0,
"lcdmax":40,
"rs":3250,
"sha":1.15123556e-03,
"shb":2.08333803e-04,
"shc":3.50329971e-07
}
