{
"name":"10kR3470B",
"hostname":"ltm01",
"algorithm":'s',
"slope":0.0030535,
"intercept":-0.014645,
"vcc":3.256,
"avg":8,
"dissfact": 1e6,
"toffset":-1.9,
"lcdmin":0,
"lcdmax":120,
"rs":3250,
"sha":1.15123556e-03,
"shb":2.08333803e-04,
"shc":3.50329971e-07
}
